1.401239884662253701e+02
9.553638488450674515e+01
6.521236641078066043e+01
4.456578873776037852e+01
3.049219915537362269e+01
2.088794942185996817e+01
1.432605141002104254e+01
9.837480385003276595e+00
6.763480679894760428e+00
4.655723958452277600e+00
3.208748205596550829e+00
2.214193674780244869e+00
1.529771187619756168e+00
1.058197810006240358e+00
7.328829484820463813e-01
5.081909136221453016e-01
3.528093838877336408e-01
2.452280041773848562e-01
1.706521620362540237e-01
1.188939582857362065e-01
8.292928259265042179e-02
5.790945481730026129e-02
4.048342867279107471e-02
2.833241941985258083e-02
1.984999901179937756e-02
1.392192427106181234e-02
9.774423403859847440e-03
6.869529334856537550e-03
4.832783776539071111e-03
3.403240755284068879e-03
2.398850119460223512e-03
1.692461349661436663e-03
1.195169740967806258e-03
8.447447956698061122e-04
5.975805664421752908e-04
4.230895712347091395e-04
2.997940700818558287e-04
2.125977358453669773e-04
1.508791467657089101e-04
1.071581027278624778e-04
7.616165691038779900e-05
5.416937654214351019e-05
3.855387720016245813e-05
2.745806434500262696e-05
1.956818182857747302e-05
1.395407320234287971e-05
9.956643631854872318e-06
7.108501710261799523e-06
5.077947965298639619e-06
3.629406678570541289e-06
